                                                   F1 
  0.00 5.129 2.793 2.151 1.920 1.837 1.812 1.810 1.814 1.820 1.825 1.828 1.830 1.832 1.832 1.833   1.830   0.000
 -0.05 5.090 2.689 1.955 1.617 1.426 1.301 1.208 1.135 1.074 1.021 0.974 0.933 0.895 0.860 0.828   0.991  -0.001
 -0.10 5.054 2.610 1.827 1.445 1.218 1.064 0.951 0.862 0.790 0.730 0.678 0.632 0.592 0.556 0.524   0.694  -0.002
 -0.15 5.021 2.542 1.725 1.317 1.071 0.904 0.782 0.688 0.614 0.553 0.501 0.457 0.419 0.386 0.356   0.516  -0.003
 -0.20 4.991 2.483 1.641 1.215 0.957 0.784 0.659 0.565 0.491 0.432 0.383 0.342 0.307 0.277 0.251   0.396  -0.004
 -0.25 4.963 2.431 1.569 1.131 0.867 0.690 0.565 0.472 0.401 0.345 0.299 0.262 0.230 0.204 0.181   0.309  -0.005
 -0.30 4.938 2.384 1.506 1.060 0.792 0.615 0.491 0.400 0.332 0.279 0.237 0.203 0.176 0.152 0.133   0.244  -0.006
 -0.35 4.915 2.342 1.452 1.000 0.729 0.553 0.431 0.344 0.279 0.229 0.191 0.161 0.136 0.116 0.099   0.195  -0.007
 -0.40 4.893 2.305 1.404 0.948 0.677 0.502 0.382 0.298 0.237 0.191 0.156 0.128 0.107 0.089 0.075   0.157  -0.008
 -0.45 4.874 2.271 1.362 0.903 0.632 0.459 0.343 0.262 0.203 0.161 0.129 0.104 0.085 0.070 0.058   0.127  -0.009
 -0.50 4.856 2.242 1.326 0.864 0.594 0.423 0.310 0.232 0.177 0.137 0.107 0.085 0.068 0.055 0.045   0.103  -0.010
 -0.55 4.840 2.215 1.294 0.831 0.562 0.393 0.282 0.207 0.155 0.118 0.091 0.071 0.056 0.044 0.035   0.084  -0.011
 -0.60 4.826 2.192 1.266 0.803 0.534 0.368 0.260 0.188 0.138 0.103 0.078 0.060 0.046 0.036 0.028   0.069  -0.012
 -0.65 4.814 2.172 1.242 0.778 0.511 0.347 0.242 0.172 0.124 0.091 0.068 0.051 0.039 0.030 0.023   0.057  -0.013
 -0.70 4.803 2.155 1.222 0.758 0.492 0.330 0.227 0.159 0.113 0.082 0.060 0.045 0.034 0.025 0.019   0.047  -0.014
 -0.75 4.794 2.141 1.205 0.741 0.477 0.316 0.215 0.149 0.105 0.075 0.054 0.040 0.030 0.022 0.017   0.039  -0.015
 -0.80 4.787 2.129 1.192 0.728 0.464 0.305 0.205 0.141 0.098 0.069 0.050 0.036 0.026 0.020 0.015   0.032  -0.016
 -0.85 4.782 2.120 1.182 0.718 0.455 0.297 0.198 0.135 0.093 0.065 0.046 0.033 0.024 0.018 0.013   0.027  -0.017
 -0.90 4.778 2.114 1.174 0.710 0.448 0.291 0.193 0.131 0.090 0.063 0.044 0.032 0.023 0.017 0.012   0.023  -0.018
 -0.95 4.775 2.110 1.170 0.706 0.444 0.288 0.190 0.128 0.088 0.061 0.043 0.031 0.022 0.016 0.012   0.019  -0.019
 -1.00 4.774 2.109 1.169 0.705 0.443 0.286 0.189 0.127 0.087 0.060 0.042 0.030 0.022 0.016 0.011   0.016  -0.020
                                                     F2
  0.00 0.000 0.000 0.000 0.000 0.000 0.000 0.000 0.000 0.000 0.000 0.000 0.000 0.000 0.000 0.000   0.000   0.000
 -0.05 0.243 0.112 0.066 0.043 0.029 0.020 0.014 0.010 0.007 0.005 0.004 0.003 0.002 0.002 0.001   0.000  -0.001
 -0.10 0.485 0.223 0.130 0.083 0.055 0.038 0.027 0.019 0.014 0.010 0.007 0.005 0.004 0.003 0.002   0.000  -0.002
 -0.15 0.726 0.331 0.191 0.121 0.080 0.054 0.038 0.027 0.019 0.014 0.010 0.007 0.005 0.004 0.003   0.000  -0.003
 -0.20 0.965 0.437 0.251 0.157 0.103 0.069 0.048 0.033 0.024 0.017 0.012 0.009 0.007 0.005 0.004   0.000  -0.004
 -0.25 1.203 0.542 0.309 0.192 0.125 0.083 0.057 0.039 0.028 0.020 0.014 0.010 0.008 0.006 0.004   0.000  -0.005
 -0.30 1.441 0.646 0.365 0.226 0.145 0.096 0.065 0.045 0.031 0.022 0.016 0.011 0.008 0.006 0.005   0.000  -0.006
 -0.35 1.678 0.749 0.421 0.258 0.165 0.109 0.073 0.050 0.035 0.024 0.017 0.013 0.009 0.007 0.005   0.000  -0.007
 -0.40 1.915 0.851 0.476 0.290 0.184 0.120 0.080 0.055 0.038 0.026 0.019 0.013 0.010 0.007 0.005   0.000  -0.008
 -0.45 2.151 0.953 0.530 0.321 0.203 0.132 0.088 0.059 0.041 0.028 0.020 0.014 0.010 0.007 0.005   0.000  -0.009
 -0.50 2.387 1.054 0.584 0.352 0.222 0.143 0.095 0.064 0.044 0.030 0.021 0.015 0.011 0.008 0.006   0.000  -0.010
 -0.55 2.623 1.156 0.638 0.383 0.240 0.155 0.102 0.068 0.046 0.032 0.022 0.016 0.011 0.008 0.006   0.000  -0.011
 -0.60 2.860 1.258 0.693 0.415 0.259 0.166 0.109 0.073 0.049 0.034 0.024 0.017 0.012 0.009 0.006   0.000  -0.012
 -0.65 3.096 1.360 0.747 0.447 0.278 0.178 0.116 0.077 0.052 0.036 0.025 0.018 0.013 0.009 0.007   0.000  -0.013
 -0.70 3.333 1.463 0.803 0.479 0.298 0.190 0.124 0.082 0.056 0.038 0.027 0.019 0.013 0.010 0.007   0.000  -0.014
 -0.75 3.571 1.567 0.860 0.513 0.318 0.203 0.132 0.088 0.059 0.041 0.028 0.020 0.014 0.010 0.007   0.000  -0.015
 -0.80 3.809 1.672 0.918 0.547 0.340 0.217 0.142 0.094 0.063 0.043 0.030 0.021 0.015 0.011 0.008   0.000  -0.016
 -0.85 4.049 1.778 0.977 0.584 0.363 0.232 0.152 0.101 0.068 0.047 0.033 0.023 0.016 0.012 0.008   0.000  -0.017
 -0.90 4.289 1.886 1.039 0.622 0.388 0.248 0.163 0.108 0.073 0.051 0.035 0.025 0.018 0.013 0.009   0.000  -0.018
 -0.95 4.531 1.996 1.102 0.662 0.414 0.267 0.175 0.117 0.080 0.055 0.039 0.027 0.019 0.014 0.010   0.000  -0.019
 -1.00 4.774 2.109 1.169 0.705 0.443 0.286 0.189 0.127 0.087 0.060 0.042 0.030 0.022 0.016 0.011   0.000  -0.020
                                                       F3
  0.00  1.57  1.81  2.23  2.79  3.45  4.18  4.93  5.70  6.47  7.24  8.00  8.75  9.50 10.24 10.98 366.052   0.000
 -0.05  1.51  1.68  1.96  2.27  2.60  2.93  3.23  3.51  3.77  4.01  4.23  4.43  4.62  4.79  4.94 198.205  -0.001
 -0.10  1.45  1.58  1.76  1.96  2.16  2.34  2.49  2.63  2.74  2.84  2.92  2.99  3.04  3.08  3.12 138.853  -0.002
 -0.15  1.39  1.48  1.61  1.73  1.84  1.93  2.00  2.06  2.10  2.12  2.14  2.14  2.14  2.13  2.11 103.290  -0.003
 -0.20  1.33  1.39  1.47  1.54  1.59  1.63  1.65  1.65  1.65  1.63  1.61  1.58  1.55  1.52  1.48  79.170  -0.004
 -0.25  1.27  1.31  1.35  1.37  1.39  1.38  1.37  1.35  1.32  1.28  1.24  1.20  1.15  1.10  1.06  61.814  -0.005
 -0.30  1.21  1.23  1.24  1.23  1.22  1.19  1.15  1.11  1.06  1.01  0.96  0.91  0.86  0.81  0.77  48.883  -0.006
 -0.35  1.15  1.15  1.14  1.11  1.07  1.02  0.97  0.92  0.86  0.81  0.76  0.70  0.65  0.61  0.56  39.027  -0.007
 -0.40  1.10  1.08  1.05  1.00  0.95  0.89  0.83  0.77  0.71  0.65  0.60  0.55  0.50  0.46  0.42  31.393  -0.008
 -0.45  1.04  1.01  0.97  0.91  0.84  0.77  0.70  0.64  0.58  0.53  0.47  0.43  0.39  0.35  0.31  25.407  -0.009
 -0.50  0.99  0.95  0.89  0.82  0.74  0.67  0.60  0.54  0.48  0.43  0.38  0.34  0.30  0.26  0.23  20.669  -0.010
 -0.55  0.93  0.89  0.82  0.74  0.66  0.59  0.52  0.45  0.40  0.35  0.30  0.27  0.23  0.20  0.18  16.890  -0.011
 -0.60  0.88  0.83  0.75  0.67  0.59  0.51  0.44  0.38  0.33  0.28  0.24  0.21  0.18  0.16  0.13  13.857  -0.012
 -0.65  0.83  0.77  0.69  0.61  0.52  0.45  0.38  0.32  0.27  0.23  0.20  0.17  0.14  0.12  0.10  11.409  -0.013
 -0.70  0.78  0.72  0.63  0.55  0.47  0.39  0.33  0.27  0.23  0.19  0.16  0.13  0.11  0.09  0.08   9.424  -0.014
 -0.75  0.73  0.66  0.58  0.49  0.41  0.34  0.28  0.23  0.19  0.16  0.13  0.11  0.09  0.07  0.06   7.807  -0.015
 -0.80  0.68  0.61  0.53  0.44  0.37  0.30  0.24  0.20  0.16  0.13  0.11  0.09  0.07  0.06  0.05   6.486  -0.016
 -0.85  0.63  0.56  0.48  0.40  0.33  0.26  0.21  0.17  0.13  0.11  0.09  0.07  0.06  0.04  0.04   5.402  -0.017
 -0.90  0.58  0.51  0.44  0.36  0.29  0.23  0.18  0.14  0.11  0.09  0.07  0.06  0.04  0.04  0.03   4.511  -0.018
 -0.95  0.53  0.47  0.39  0.32  0.25  0.20  0.15  0.12  0.09  0.07  0.06  0.04  0.04  0.03  0.02   3.775  -0.019
 -1.00  0.48  0.42  0.35  0.28  0.22  0.17  0.13  0.10  0.08  0.06  0.05  0.04  0.03  0.02  0.02   3.167  -0.020
                                                      F4
  0.00 1.000 1.000 1.000 1.000 1.000 1.000 1.000 1.000 1.000 1.000 1.000 1.000 1.000 1.000 1.000   1.000   0.000
 -0.05 0.946 0.933 0.913 0.889 0.863 0.837 0.812 0.788 0.765 0.744 0.723 0.704 0.686 0.668 0.651   0.742  -0.001
 -0.10 0.892 0.869 0.834 0.795 0.754 0.713 0.675 0.640 0.608 0.578 0.550 0.524 0.500 0.477 0.456   0.576  -0.002
 -0.15 0.839 0.808 0.763 0.713 0.662 0.613 0.568 0.527 0.490 0.457 0.426 0.398 0.373 0.349 0.328   0.456  -0.003
 -0.20 0.786 0.750 0.697 0.640 0.583 0.529 0.481 0.438 0.399 0.365 0.334 0.307 0.282 0.260 0.239   0.366  -0.004
 -0.25 0.735 0.694 0.636 0.574 0.514 0.458 0.409 0.365 0.327 0.294 0.264 0.238 0.216 0.195 0.177   0.296  -0.005
 -0.30 0.683 0.640 0.579 0.515 0.453 0.397 0.348 0.306 0.269 0.238 0.210 0.187 0.166 0.148 0.132   0.241  -0.006
 -0.35 0.633 0.587 0.525 0.460 0.399 0.344 0.297 0.257 0.222 0.193 0.168 0.147 0.129 0.113 0.099   0.197  -0.007
 -0.40 0.582 0.537 0.474 0.411 0.351 0.299 0.253 0.216 0.184 0.157 0.135 0.116 0.100 0.086 0.075   0.162  -0.008
 -0.45 0.532 0.487 0.427 0.365 0.308 0.258 0.216 0.181 0.152 0.128 0.108 0.092 0.078 0.067 0.057   0.134  -0.009
 -0.50 0.483 0.439 0.381 0.323 0.269 0.223 0.184 0.152 0.126 0.105 0.087 0.073 0.061 0.051 0.043   0.111  -0.010
 -0.55 0.434 0.392 0.337 0.283 0.233 0.191 0.156 0.127 0.104 0.085 0.070 0.058 0.048 0.040 0.033   0.092  -0.011
 -0.60 0.385 0.346 0.296 0.246 0.201 0.162 0.131 0.106 0.085 0.069 0.056 0.046 0.038 0.031 0.025   0.077  -0.012
 -0.65 0.336 0.301 0.256 0.211 0.171 0.137 0.109 0.087 0.070 0.056 0.045 0.036 0.029 0.024 0.019   0.064  -0.013
 -0.70 0.288 0.257 0.217 0.178 0.143 0.113 0.090 0.071 0.056 0.044 0.035 0.028 0.023 0.018 0.015   0.054  -0.014
 -0.75 0.239 0.213 0.179 0.146 0.116 0.092 0.072 0.056 0.044 0.035 0.028 0.022 0.017 0.014 0.011   0.045  -0.015
 -0.80 0.191 0.170 0.142 0.115 0.091 0.072 0.056 0.044 0.034 0.026 0.021 0.016 0.013 0.010 0.008   0.038  -0.016
 -0.85 0.143 0.127 0.106 0.086 0.068 0.053 0.041 0.032 0.025 0.019 0.015 0.012 0.009 0.007 0.006   0.032  -0.017
 -0.90 0.096 0.084 0.070 0.057 0.045 0.035 0.027 0.021 0.016 0.012 0.010 0.007 0.006 0.005 0.004   0.027  -0.018
 -0.95 0.048 0.042 0.035 0.028 0.022 0.017 0.013 0.010 0.008 0.006 0.005 0.004 0.003 0.002 0.002   0.023  -0.019
 -1.00 0.000 0.000 0.000 0.000 0.000 0.000 0.000 0.000 0.000 0.000 0.000 0.000 0.000 0.000 0.000   0.019  -0.020
